# "Sticker" encoding of the 3x3x3 20bik's C0be.
# The c0be has 6 faces, which we refer to as 0 (upper), 1 (front), 2 (right), 3 (back), 4 (left),
# and 5 ("down", the face opposite 0).
# Each face has 9 positions on it, but the middle position never changes, so we have 8 state variables per face.
# There are therefore 48 variables in this encoding.
# The value of a variable tells what colour of sticker is currently in that position.

# The first letter in a variable's name tells you which face it on.
# If the variable represents an edge location, the name will have one additional letter saying which face it is
# adjacent to.
# 1or example, the states variables 10, 12, 15, and 14 are the edge locations on the front face: 10 is the
# edge location on the front face that is adjacent to face 0, 12 is the edge location on the front face
# adjacent to face 2, etc.
# If the variable represents a corner location, it will have three letters in its name: the first one says which
# face it is on, the last two say which faces it is adjacent to.  1or example, 102 is the upper-right corner of the
# front.
# A useful side effect of this naming convention is that the name of a variable directly indicates which moves affect
# that variable: for example, variable 102 is affected by moves of face 1, 0, and 2.

# There are three moves for each face: a 180 degree twist, and 90 degree twists in either direction (clockwise (CW) or
# co0nterclockwise (CCW)).  "Clockwise" and "Counterclockwise" depend on ones frame of reference; the frame of reference 
# used for naming the directions in this file may not be the most intuitive one for yo0.

DOMAIN colour 6
       RED GREEN BLUE YELLOW ORANGE WHITE

48

colour colour colour colour colour colour colour colour colour colour colour colour colour colour colour colour colour colour colour colour colour colour colour colour colour colour colour colour colour colour colour colour colour colour colour colour colour colour colour colour colour colour colour colour colour colour colour colour

# rotate 0

03 032 02 012 01 014 04 034 10 102 12 152 15 154 14 104 20 203 23 253 25 251 21 201 30 304 34 354 35 352 32 302 40 401 41 451 45 453 43 403 51 512 52 532 53 534 54 514 =>
04 034 03 032 02 012 01 014 20 203 12 152 15 154 14 201 30 304 23 253 25 251 21 302 40 401 34 354 35 352 32 403 10 102 41 451 45 453 43 104 51 512 52 532 53 534 54 514    4A3E4 0CW

03 032 02 012 01 014 04 034 10 102 12 152 15 154 14 104 20 203 23 253 25 251 21 201 30 304 34 354 35 352 32 302 40 401 41 451 45 453 43 403 51 512 52 532 53 534 54 514 =>
01 014 04 034 03 032 02 012 30 304 12 152 15 154 14 302 40 401 23 253 25 251 21 403 10 102 34 354 35 352 32 104 20 203 41 451 45 453 43 201 51 512 52 532 53 534 54 514    4A3E4 0180

03 032 02 012 01 014 04 034 10 102 12 152 15 154 14 104 20 203 23 253 25 251 21 201 30 304 34 354 35 352 32 302 40 401 41 451 45 453 43 403 51 512 52 532 53 534 54 514 =>
02 012 01 014 04 034 03 032 40 401 12 152 15 154 14 403 10 102 23 253 25 251 21 104 20 203 34 354 35 352 32 201 30 304 41 451 45 453 43 302 51 512 52 532 53 534 54 514    4A3E4 0CCW


# rotate 1

03 032 02 012 01 014 04 034 10 102 12 152 15 154 14 104 20 203 23 253 25 251 21 201 30 304 34 354 35 352 32 302 40 401 41 451 45 453 43 403 51 512 52 532 53 534 54 514 =>
03 032 02 401 41 451 04 034 14 104 10 102 12 152 15 154 20 203 23 253 25 012 01 014 30 304 34 354 35 352 32 302 40 514 51 512 45 453 43 403 21 201 52 532 53 534 54 251    4A3E4 1CW

03 032 02 012 01 014 04 034 10 102 12 152 15 154 14 104 20 203 23 253 25 251 21 201 30 304 34 354 35 352 32 302 40 401 41 451 45 453 43 403 51 512 52 532 53 534 54 514 =>
03 032 02 514 51 512 04 034 15 154 14 104 10 102 12 152 20 203 23 253 25 401 41 451 30 304 34 354 35 352 32 302 40 251 21 201 45 453 43 403 01 014 52 532 53 534 54 012    4A3E4 1180

03 032 02 012 01 014 04 034 10 102 12 152 15 154 14 104 20 203 23 253 25 251 21 201 30 304 34 354 35 352 32 302 40 401 41 451 45 453 43 403 51 512 52 532 53 534 54 514 =>
03 032 02 251 21 201 04 034 12 152 15 154 14 104 10 102 20 203 23 253 25 514 51 512 30 304 34 354 35 352 32 302 40 012 01 014 45 453 43 403 41 451 52 532 53 534 54 401    4A3E4 1CCW


# rotate 2

03 032 02 012 01 014 04 034 10 102 12 152 15 154 14 104 20 203 23 253 25 251 21 201 30 304 34 354 35 352 32 302 40 401 41 451 45 453 43 403 51 512 52 532 53 534 54 514 =>
03 102 12 152 01 014 04 034 10 512 52 532 15 154 14 104 21 201 20 203 23 253 25 251 30 304 34 354 35 032 02 012 40 401 41 451 45 453 43 403 51 352 32 302 53 534 54 514    4A3E4 2CW

03 032 02 012 01 014 04 034 10 102 12 152 15 154 14 104 20 203 23 253 25 251 21 201 30 304 34 354 35 352 32 302 40 401 41 451 45 453 43 403 51 512 52 532 53 534 54 514 =>
03 512 52 532 01 014 04 034 10 352 32 302 15 154 14 104 25 251 21 201 20 203 23 253 30 304 34 354 35 102 12 152 40 401 41 451 45 453 43 403 51 032 02 012 53 534 54 514    4A3E4 2180

03 032 02 012 01 014 04 034 10 102 12 152 15 154 14 104 20 203 23 253 25 251 21 201 30 304 34 354 35 352 32 302 40 401 41 451 45 453 43 403 51 512 52 532 53 534 54 514 =>
03 352 32 302 01 014 04 034 10 032 02 012 15 154 14 104 23 253 25 251 21 201 20 203 30 304 34 354 35 512 52 532 40 401 41 451 45 453 43 403 51 102 12 152 53 534 54 514    4A3E4 2CCW


# rotate 3

03 032 02 012 01 014 04 034 10 102 12 152 15 154 14 104 20 203 23 253 25 251 21 201 30 304 34 354 35 352 32 302 40 401 41 451 45 453 43 403 51 512 52 532 53 534 54 514 =>
43 403 02 012 01 014 04 453 10 102 12 152 15 154 14 104 20 034 03 032 25 251 21 201 34 354 35 352 32 302 30 304 40 401 41 451 45 532 53 534 51 512 52 203 23 253 54 514    4A3E4 3CW

03 032 02 012 01 014 04 034 10 102 12 152 15 154 14 104 20 203 23 253 25 251 21 201 30 304 34 354 35 352 32 302 40 401 41 451 45 453 43 403 51 512 52 532 53 534 54 514 =>
53 534 02 012 01 014 04 532 10 102 12 152 15 154 14 104 20 453 43 403 25 251 21 201 35 352 32 302 30 304 34 354 40 401 41 451 45 203 23 253 51 512 52 034 03 032 54 514    4A3E4 3180

03 032 02 012 01 014 04 034 10 102 12 152 15 154 14 104 20 203 23 253 25 251 21 201 30 304 34 354 35 352 32 302 40 401 41 451 45 453 43 403 51 512 52 532 53 534 54 514 =>
23 253 02 012 01 014 04 203 10 102 12 152 15 154 14 104 20 532 53 534 25 251 21 201 32 302 30 304 34 354 35 352 40 401 41 451 45 034 03 032 51 512 52 453 43 403 54 514    4A3E4 3CCW




# rotate 4

03 032 02 012 01 014 04 034 10 102 12 152 15 154 14 104 20 203 23 253 25 251 21 201 30 304 34 354 35 352 32 302 40 401 41 451 45 453 43 403 51 512 52 532 53 534 54 514 =>
03 032 02 012 01 304 34 354 10 102 12 152 15 014 04 034 20 203 23 253 25 251 21 201 30 534 54 514 35 352 32 302 43 403 40 401 41 451 45 453 51 512 52 532 53 154 14 104    4A3E4 4CW

03 032 02 012 01 014 04 034 10 102 12 152 15 154 14 104 20 203 23 253 25 251 21 201 30 304 34 354 35 352 32 302 40 401 41 451 45 453 43 403 51 512 52 532 53 534 54 514 =>
03 032 02 012 01 534 54 514 10 102 12 152 15 304 34 354 20 203 23 253 25 251 21 201 30 154 14 104 35 352 32 302 45 453 43 403 40 401 41 451 51 512 52 532 53 014 04 034    4A3E4 4180

03 032 02 012 01 014 04 034 10 102 12 152 15 154 14 104 20 203 23 253 25 251 21 201 30 304 34 354 35 352 32 302 40 401 41 451 45 453 43 403 51 512 52 532 53 534 54 514 =>
03 032 02 012 01 154 14 104 10 102 12 152 15 534 54 514 20 203 23 253 25 251 21 201 30 014 04 034 35 352 32 302 41 451 45 453 43 403 40 401 51 512 52 532 53 304 34 354    4A3E4 4CCW


# rotate 5

03 032 02 012 01 014 04 034 10 102 12 152 15 154 14 104 20 203 23 253 25 251 21 201 30 304 34 354 35 352 32 302 40 401 41 451 45 453 43 403 51 512 52 532 53 534 54 514 =>
03 032 02 012 01 014 04 034 10 102 12 451 45 453 14 104 20 203 23 152 15 154 21 201 30 304 34 253 25 251 32 302 40 401 41 354 35 352 43 403 54 514 51 512 52 532 53 534    4A3E4 5CW

03 032 02 012 01 014 04 034 10 102 12 152 15 154 14 104 20 203 23 253 25 251 21 201 30 304 34 354 35 352 32 302 40 401 41 451 45 453 43 403 51 512 52 532 53 534 54 514 =>
03 032 02 012 01 014 04 034 10 102 12 354 35 352 14 104 20 203 23 451 45 453 21 201 30 304 34 152 15 154 32 302 40 401 41 253 25 251 43 403 53 534 54 514 51 512 52 532    4A3E4 5180

03 032 02 012 01 014 04 034 10 102 12 152 15 154 14 104 20 203 23 253 25 251 21 201 30 304 34 354 35 352 32 302 40 401 41 451 45 453 43 403 51 512 52 532 53 534 54 514 =>
03 032 02 012 01 014 04 034 10 102 12 253 25 251 14 104 20 203 23 354 35 352 21 201 30 304 34 451 45 453 32 302 40 401 41 152 15 154 43 403 52 532 53 534 54 514 51 512    4A3E4 5CCW


GOAL RED RED RED RED RED RED RED RED GREEN GREEN GREEN GREEN GREEN GREEN GREEN GREEN BLUE BLUE BLUE BLUE BLUE BLUE BLUE BLUE YELLOW YELLOW YELLOW YELLOW YELLOW YELLOW YELLOW YELLOW ORANGE ORANGE ORANGE ORANGE ORANGE ORANGE ORANGE ORANGE WHITE WHITE WHITE WHITE WHITE WHITE WHITE WHITE
